Time(s)			Vin(V)		Vout(V)
0.000000000000000e+00	5.000000e+00	4.999766e+00
8.096093538159458e-07	5.000026e+00	5.002693e+00
1.619218707631892e-06	5.000051e+00	5.003350e+00
2.428828061447837e-06	5.000076e+00	5.001737e+00
3.238437415263783e-06	5.000102e+00	4.997854e+00
4.048046769079729e-06	5.000127e+00	4.991700e+00
4.857656122895675e-06	5.000153e+00	4.983276e+00
5.667265476711618e-06	5.000178e+00	4.972582e+00
6.757001236492770e-06	5.000212e+00	4.918844e+00
7.301781032563979e-06	5.000229e+00	4.861237e+00
7.887143856829607e-06	5.000248e+00	4.755132e+00
8.573083906331450e-06	5.000269e+00	4.568030e+00
8.927643843711841e-06	5.000280e+00	4.437570e+00
9.346420829562094e-06	5.000294e+00	4.252194e+00
1.028944896377393e-05	5.000323e+00	3.793056e+00
1.550985738720902e-05	5.000487e+00	1.169866e+00
1.713997670182944e-05	5.000538e+00	4.248061e-01
1.824279653327850e-05	5.000573e+00	9.977949e-02
1.895198379034832e-05	5.000596e+00	2.958866e-02
1.971656096777920e-05	5.000619e+00	1.869746e-02
2.058590705113036e-05	5.000647e+00	1.285587e-02
2.167687519287537e-05	5.000681e+00	9.039650e-03
2.290632874978550e-05	5.000720e+00	6.815656e-03
2.443364672407237e-05	5.000768e+00	5.484080e-03
2.624102054134482e-05	5.000824e+00	4.790705e-03
2.861308085417303e-05	5.000899e+00	4.455174e-03
3.168945374534310e-05	5.000996e+00	4.331122e-03
4.338991874466832e-05	5.001363e+00	4.295798e-03
1.608525856648485e-02	5.516442e+00	4.295917e-03
3.212712721422503e-02	6.014207e+00	4.296009e-03
4.816899586196521e-02	6.494658e+00	4.296073e-03
6.421086450970540e-02	6.957797e+00	4.296109e-03
8.025273315744558e-02	7.403622e+00	4.296118e-03
9.629460180518576e-02	7.832133e+00	4.296098e-03
1.123364704529259e-01	8.243332e+00	4.296051e-03
1.416333454529259e-01	8.885071e+00	4.296051e-03
1.709302204529259e-01	9.395537e+00	4.296051e-03
2.002270954529259e-01	9.757483e+00	4.296051e-03
2.295239704529259e-01	9.958677e+00	4.296051e-03
2.588208454529259e-01	9.992323e+00	4.296051e-03
2.881177204529259e-01	9.857283e+00	4.296051e-03
3.174145954529259e-01	9.558120e+00	4.296051e-03
3.467114704529259e-01	9.104942e+00	4.296051e-03
3.760083454529259e-01	8.513063e+00	4.296051e-03
4.053052204529259e-01	7.802481e+00	4.296051e-03
4.206512025957831e-01	7.380201e+00	4.296051e-03
4.359971847386402e-01	6.946210e+00	4.296051e-03
4.513431668814974e-01	6.500508e+00	4.296051e-03
4.666891490243545e-01	6.043095e+00	4.296051e-03
4.820351311672117e-01	5.573972e+00	4.296051e-03
4.973811133100688e-01	5.093138e+00	4.296051e-03
5.127270954529259e-01	4.600593e+00	4.296051e-03
5.322583454529259e-01	3.993499e+00	4.332390e-03
5.420239704529259e-01	3.695065e+00	4.978985e-03
5.463979048949336e-01	3.562926e+00	6.159287e-03
5.466978235463172e-01	3.553904e+00	6.406538e-03
5.472976608490847e-01	3.535875e+00	7.325778e-03
5.484973354546197e-01	3.499880e+00	1.063554e-02
5.506179112329764e-01	3.436465e+00	2.338171e-02
5.523227496589498e-01	3.385682e+00	4.178035e-02
5.523593595720960e-01	3.384594e+00	4.251792e-02
5.524325793983885e-01	3.382417e+00	4.466335e-02
5.525790190509734e-01	3.378064e+00	4.988847e-02
5.527175299826599e-01	3.373949e+00	5.598321e-02
5.527382458378620e-01	3.373333e+00	5.715281e-02
5.527796775482663e-01	3.372103e+00	6.013551e-02
5.528410643841221e-01	3.370280e+00	6.550617e-02
5.528543093618569e-01	3.369886e+00	6.723896e-02
5.528752367478347e-01	3.369265e+00	7.056073e-02
5.528907341967136e-01	3.368804e+00	7.382996e-02
5.529010688901315e-01	3.368497e+00	7.692997e-02
5.529080546029169e-01	3.368290e+00	7.999211e-02
5.529135967255910e-01	3.368125e+00	8.341280e-02
5.529148953015476e-01	3.368087e+00	8.469176e-02
5.529174924534607e-01	3.368010e+00	8.797920e-02
5.529198293178816e-01	3.367940e+00	9.213087e-02
5.529212957681070e-01	3.367897e+00	9.600165e-02
5.529224086690863e-01	3.367864e+00	1.003322e-01
5.529232809076240e-01	3.367838e+00	1.052390e-01
5.529239736339502e-01	3.367817e+00	1.108883e-01
5.529245818287722e-01	3.367799e+00	1.182515e-01
5.529251742580009e-01	3.367782e+00	1.293248e-01
5.529257218944190e-01	3.367765e+00	1.459224e-01
5.529262356965622e-01	3.367750e+00	1.725364e-01
5.529267854985929e-01	3.367734e+00	2.209719e-01
5.529273078002048e-01	3.367718e+00	2.996804e-01
5.529279391747999e-01	3.367700e+00	4.507752e-01
5.529284795559049e-01	3.367683e+00	6.337230e-01
5.529289116068992e-01	3.367671e+00	8.177384e-01
5.529294104482290e-01	3.367656e+00	1.055698e+00
5.529298812815618e-01	3.367642e+00	1.289869e+00
5.529311620867355e-01	3.367604e+00	1.936440e+00
5.529396046960215e-01	3.367353e+00	6.205257e+00
5.529434526249366e-01	3.367239e+00	7.812423e+00
5.529465190744097e-01	3.367148e+00	8.462853e+00
5.529480572801009e-01	3.367102e+00	8.490955e+00
5.529559912359399e-01	3.366866e+00	8.493652e+00
5.529639251917787e-01	3.366631e+00	8.495681e+00
5.529718591476177e-01	3.366395e+00	8.497042e+00
5.529797931034567e-01	3.366160e+00	8.497735e+00
5.529877270592957e-01	3.365924e+00	8.497759e+00
5.529956610151345e-01	3.365689e+00	8.497116e+00
5.530035949709735e-01	3.365453e+00	8.495804e+00
5.631935427288962e-01	3.063742e+00	8.495826e+00
5.733834904868190e-01	2.772785e+00	8.495847e+00
5.835734382447417e-01	2.492582e+00	8.495867e+00
5.937633860026644e-01	2.223133e+00	8.495887e+00
6.039533337605872e-01	1.964438e+00	8.495906e+00
6.141432815185099e-01	1.716496e+00	8.495923e+00
6.243332292764326e-01	1.479309e+00	8.495940e+00
6.340988542764326e-01	1.268227e+00	8.495955e+00
6.438644792764326e-01	1.071190e+00	8.495970e+00
6.536301042764326e-01	8.889402e-01	8.495983e+00
6.633957292764326e-01	7.221636e-01	8.495995e+00
6.731613542764326e-01	5.714878e-01	8.496006e+00
6.829269792764326e-01	4.374800e-01	8.496016e+00
6.926926042764326e-01	3.206444e-01	8.496024e+00
7.024582292764326e-01	2.214209e-01	8.496031e+00
7.122238542764326e-01	1.401829e-01	8.496037e+00
7.219894792764326e-01	7.723618e-02	8.496042e+00
7.317551042764326e-01	3.281760e-02	8.496045e+00
7.415207292764326e-01	7.094373e-03	8.496046e+00
7.512863542764326e-01	1.633122e-04	8.496047e+00
7.610519792764326e-01	1.205051e-02	8.496046e+00
7.708176042764326e-01	4.271122e-02	8.496044e+00
7.805832292764326e-01	9.203005e-02	8.496040e+00
7.903488542764326e-01	1.598214e-01	8.496036e+00
8.001144792764326e-01	2.458300e-01	8.496029e+00
8.098801042764326e-01	3.497323e-01	8.496022e+00
8.196457292764326e-01	4.711371e-01	8.496014e+00
8.294113542764326e-01	6.095876e-01	8.496003e+00
8.391769792764326e-01	7.645625e-01	8.495993e+00
8.489426042764326e-01	9.354787e-01	8.495980e+00
8.587082292764326e-01	1.121693e+00	8.495966e+00
8.684738542764326e-01	1.322504e+00	8.495952e+00
8.782394792764326e-01	1.537157e+00	8.495936e+00
8.880051042764326e-01	1.764843e+00	8.495920e+00
8.977707292764326e-01	2.004705e+00	8.495903e+00
9.173019792764326e-01	2.517305e+00	8.495865e+00
9.368332292764326e-01	3.067247e+00	8.495826e+00
9.661301042764326e-01	3.943959e+00	8.495762e+00
1.014958229276433e+00	5.469235e+00	8.495630e+00
1.024723854276433e+00	5.773602e+00	8.491051e+00
1.034853574821846e+00	6.086226e+00	8.473152e+00
1.035067966921279e+00	6.092800e+00	8.480302e+00
1.035282359020712e+00	6.099371e+00	8.482105e+00
1.035496751120145e+00	6.105941e+00	8.478561e+00
1.035711143219578e+00	6.112508e+00	8.469670e+00
1.035925535319011e+00	6.119074e+00	8.455433e+00
1.036139927418444e+00	6.125637e+00	8.435849e+00
1.036354319517877e+00	6.132199e+00	8.410918e+00
1.036355466201458e+00	6.132234e+00	8.417761e+00
1.036356612885038e+00	6.132269e+00	8.418298e+00
1.036357759568619e+00	6.132304e+00	8.412529e+00
1.036358906252200e+00	6.132339e+00	8.400453e+00
1.036360052935781e+00	6.132374e+00	8.382071e+00
1.036361199619362e+00	6.132409e+00	8.357382e+00
1.036362346302943e+00	6.132444e+00	8.326387e+00
1.036362905363581e+00	6.132462e+00	8.276401e+00
1.036363433265092e+00	6.132478e+00	8.195411e+00
1.036364078708916e+00	6.132497e+00	8.043200e+00
1.036364467972953e+00	6.132509e+00	7.915871e+00
1.036365343438479e+00	6.132536e+00	7.530916e+00
1.036375732492768e+00	6.132854e+00	2.324887e+00
1.036378557632667e+00	6.132940e+00	9.333371e-01
1.036380396174685e+00	6.132997e+00	7.873512e-02
1.036380419788261e+00	6.132998e+00	7.208124e-02
1.036380467015412e+00	6.132999e+00	6.707163e-02
1.036380561469713e+00	6.133002e+00	5.927137e-02
1.036380750378317e+00	6.133008e+00	4.861446e-02
1.036381128195523e+00	6.133019e+00	3.608454e-02
1.036381883829937e+00	6.133042e+00	2.284540e-02
1.036382798286728e+00	6.133070e+00	1.464428e-02
1.036383840461514e+00	6.133102e+00	1.002314e-02
1.036385004060453e+00	6.133138e+00	7.405399e-03
1.036386416277824e+00	6.133181e+00	5.836827e-03
1.036388117442304e+00	6.133233e+00	4.971663e-03
1.036390287117273e+00	6.133299e+00	4.536673e-03
1.036393089237266e+00	6.133385e+00	4.358761e-03
1.036397052172850e+00	6.133506e+00	4.304708e-03
1.053378121637263e+00	6.658350e+00	4.300642e-03
1.070359191101676e+00	7.151416e+00	4.297520e-03
1.087340260566089e+00	7.612703e+00	4.295340e-03
1.104321330030501e+00	8.042212e+00	4.294104e-03
1.121302399494914e+00	8.439942e+00	4.293810e-03
1.138283468959327e+00	8.805894e+00	4.294459e-03
1.155264538423740e+00	9.140068e+00	4.296051e-03
1.184561413423740e+00	9.583283e+00	4.296051e-03
1.213858288423740e+00	9.871634e+00	4.296051e-03
1.243155163423740e+00	9.995377e+00	4.296051e-03
1.272452038423740e+00	9.950331e+00	4.296051e-03
1.301748913423740e+00	9.738017e+00	4.296051e-03
1.331045788423740e+00	9.365611e+00	4.296051e-03
1.360342663423740e+00	8.845695e+00	4.296051e-03
1.389639538423740e+00	8.195837e+00	4.296051e-03
1.418936413423740e+00	7.437995e+00	4.296051e-03
1.434282395566597e+00	6.995546e+00	4.295868e-03
1.449628377709454e+00	6.545233e+00	4.295801e-03
1.464974359852311e+00	6.087056e+00	4.295848e-03
1.480320341995168e+00	5.621016e+00	4.296010e-03
1.495666324138025e+00	5.147111e+00	4.296287e-03
1.511012306280882e+00	4.665343e+00	4.296679e-03
1.526358288423740e+00	4.175710e+00	4.297186e-03
1.536123913423740e+00	3.874853e+00	4.632056e-03
1.545889538423740e+00	3.578230e+00	5.806602e-03
1.546408634523412e+00	3.562603e+00	6.148306e-03
1.547446826722755e+00	3.531395e+00	7.936831e-03
1.549523211121443e+00	3.469168e+00	1.579042e-02
1.551654288591055e+00	3.405572e+00	2.990435e-02
1.551773307639545e+00	3.402029e+00	3.128909e-02
1.552011345736526e+00	3.394944e+00	3.561128e-02
1.552487421930487e+00	3.380787e+00	4.646587e-02
1.552541881446737e+00	3.379168e+00	4.817291e-02
1.552650800479237e+00	3.375932e+00	5.284302e-02
1.552756863243306e+00	3.372781e+00	5.839703e-02
1.552773575670400e+00	3.372284e+00	5.950725e-02
1.552807000524588e+00	3.371291e+00	6.230669e-02
1.552852742423999e+00	3.369933e+00	6.693007e-02
1.552863161919696e+00	3.369623e+00	6.845552e-02
1.552880270625313e+00	3.369115e+00	7.148185e-02
1.552893821380181e+00	3.368713e+00	7.464855e-02
1.552903170338849e+00	3.368435e+00	7.776432e-02
1.552909810269893e+00	3.368238e+00	8.100566e-02
1.552914590796250e+00	3.368096e+00	8.431333e-02
1.552915732996538e+00	3.368062e+00	8.556185e-02
1.552918017397114e+00	3.367994e+00	8.875123e-02
1.552920184291808e+00	3.367930e+00	9.297330e-02
1.552921582239523e+00	3.367888e+00	9.700760e-02
1.552922643837143e+00	3.367857e+00	1.015308e-01
1.552923471095973e+00	3.367832e+00	1.066389e-01
1.552924128751632e+00	3.367813e+00	1.125712e-01
1.552924736861728e+00	3.367795e+00	1.207941e-01
1.552925317502736e+00	3.367777e+00	1.330683e-01
1.552925852308538e+00	3.367761e+00	1.516176e-01
1.552926362600155e+00	3.367746e+00	1.818319e-01
1.552926904234830e+00	3.367730e+00	2.362078e-01
1.552927439824296e+00	3.367714e+00	3.278861e-01
1.552928106330191e+00	3.367695e+00	5.037382e-01
1.552928573826114e+00	3.367681e+00	6.732931e-01
1.552929018193004e+00	3.367667e+00	8.700953e-01
1.552929504939488e+00	3.367653e+00	1.105424e+00
1.552930586204634e+00	3.367621e+00	1.648730e+00
1.552931317410191e+00	3.367599e+00	2.018396e+00
1.552935473050961e+00	3.367476e+00	4.119817e+00
1.552940859510272e+00	3.367316e+00	6.783009e+00
1.552944407256759e+00	3.367210e+00	8.337863e+00
1.552944978943376e+00	3.367193e+00	8.457765e+00
1.552948409063073e+00	3.367092e+00	8.490413e+00
1.552958713301018e+00	3.366786e+00	8.495832e+00
1.563697659102641e+00	3.048689e+00	8.495841e+00
1.574436604904263e+00	2.742759e+00	8.495852e+00
1.585175550705885e+00	2.448994e+00	8.495866e+00
1.595914496507507e+00	2.167396e+00	8.495882e+00
1.606653442309130e+00	1.897963e+00	8.495901e+00
1.617392388110752e+00	1.640695e+00	8.495923e+00
1.628131333912374e+00	1.395594e+00	8.495947e+00
1.637896958912374e+00	1.189883e+00	8.495961e+00
1.647662583912374e+00	9.985120e-01	8.495975e+00
1.657428208912374e+00	8.222018e-01	8.495988e+00
1.667193833912374e+00	6.616160e-01	8.495999e+00
1.676959458912374e+00	5.173589e-01	8.496010e+00
1.686725083912374e+00	3.899734e-01	8.496019e+00
1.696490708912374e+00	2.799390e-01	8.496027e+00
1.706256333912374e+00	1.876698e-01	8.496034e+00
1.716021958912374e+00	1.135132e-01	8.496038e+00
1.725787583912374e+00	5.774817e-02	8.496043e+00
1.735553208912374e+00	2.058469e-02	8.496046e+00
1.745318833912374e+00	2.162602e-03	8.496047e+00
1.755084458912374e+00	2.551246e-03	8.496047e+00
1.764850083912374e+00	2.174916e-02	8.496045e+00
1.774615708912374e+00	5.968408e-02	8.496042e+00
1.784381333912374e+00	1.162132e-01	8.496038e+00
1.794146958912374e+00	1.911239e-01	8.496033e+00
1.803912583912374e+00	2.841340e-01	8.496027e+00
1.813678208912374e+00	3.948936e-01	8.496019e+00
1.823443833912374e+00	5.229858e-01	8.496010e+00
1.833209458912374e+00	6.679285e-01	8.495998e+00
1.842975083912374e+00	8.291761e-01	8.495987e+00
1.852740708912374e+00	1.006122e+00	8.495975e+00
1.862506333912374e+00	1.198099e+00	8.495960e+00
1.872271958912374e+00	1.404387e+00	8.495946e+00
1.882037583912374e+00	1.624207e+00	8.495930e+00
1.891803208912374e+00	1.856733e+00	8.495913e+00
1.901568833912374e+00	2.101089e+00	8.495895e+00
1.921100083912374e+00	2.621574e+00	8.495857e+00
1.940631333912374e+00	3.177833e+00	8.495817e+00
1.953361523644517e+00	3.561995e+00	8.496094e+00
1.966091713376660e+00	3.949109e+00	8.496175e+00
1.978821903108803e+00	4.339175e+00	8.496062e+00
1.991552092840946e+00	4.732194e+00	8.495753e+00
2.004282282573088e+00	5.128165e+00	8.495249e+00
2.017012472305231e+00	5.527088e+00	8.494550e+00
2.029742662037374e+00	5.928964e+00	8.493656e+00
2.033164417732136e+00	6.034367e+00	8.485629e+00
2.033619314276869e+00	6.048345e+00	8.490499e+00
2.034074210821602e+00	6.062314e+00	8.490488e+00
2.034529107366335e+00	6.076274e+00	8.485597e+00
2.034984003911067e+00	6.090226e+00	8.475826e+00
2.035438900455800e+00	6.104168e+00	8.461174e+00
2.035893797000533e+00	6.118102e+00	8.441643e+00
2.036348693545265e+00	6.132027e+00	8.417231e+00
2.036350524759975e+00	6.132083e+00	8.421754e+00
2.036352355974685e+00	6.132139e+00	8.422152e+00
2.036354187189395e+00	6.132195e+00	8.418427e+00
2.036356018404105e+00	6.132251e+00	8.410578e+00
2.036357849618815e+00	6.132307e+00	8.398605e+00
2.036359680833525e+00	6.132363e+00	8.382507e+00
2.036361512048234e+00	6.132419e+00	8.362286e+00
2.036362558628728e+00	6.132451e+00	8.305430e+00
2.036363102550300e+00	6.132467e+00	8.241845e+00
2.036363665508649e+00	6.132485e+00	8.129484e+00
2.036364413682333e+00	6.132508e+00	7.905777e+00
2.036364837240834e+00	6.132521e+00	7.737649e+00
2.036366531135047e+00	6.132573e+00	6.915498e+00
2.036376120080112e+00	6.132866e+00	2.100795e+00
2.036378878121816e+00	6.132950e+00	7.808790e-01
2.036380626319134e+00	6.133004e+00	5.809818e-02
2.036380658114922e+00	6.133005e+00	5.129686e-02
2.036380721706499e+00	6.133007e+00	4.803833e-02
2.036380848889653e+00	6.133010e+00	4.276948e-02
2.036381103255960e+00	6.133018e+00	3.522922e-02
2.036381611988575e+00	6.133034e+00	2.598235e-02
2.036382619475765e+00	6.133065e+00	1.584120e-02
2.036383529898028e+00	6.133092e+00	1.101567e-02
2.036384793590735e+00	6.133131e+00	7.754498e-03
2.036386025475500e+00	6.133169e+00	6.137767e-03
2.036387797268080e+00	6.133223e+00	5.083389e-03
2.036389707526697e+00	6.133282e+00	4.605457e-03
2.036392543747738e+00	6.133368e+00	4.378311e-03
2.036395991958449e+00	6.133474e+00	4.309387e-03
2.054415754693162e+00	6.691388e+00	4.303159e-03
2.072435517427875e+00	7.212392e+00	4.298372e-03
2.090455280162588e+00	7.696486e+00	4.295026e-03
2.108475042897301e+00	8.143670e+00	4.293121e-03
2.126494805632014e+00	8.553945e+00	4.292657e-03
2.144514568366727e+00	8.927309e+00	4.293634e-03
2.162534331101440e+00	9.263764e+00	4.296051e-03
2.191831206101440e+00	9.669752e+00	4.296051e-03
2.221128081101440e+00	9.917953e+00	4.296051e-03
2.250424956101440e+00	9.999982e+00	4.296051e-03
2.279721831101440e+00	9.913066e+00	4.296051e-03
2.309018706101440e+00	9.660143e+00	4.296051e-03
2.338315581101440e+00	9.249758e+00	4.296051e-03
2.367612456101440e+00	8.695777e+00	4.296051e-03
2.396909331101440e+00	8.016920e+00	4.296051e-03
2.426206206101440e+00	7.236124e+00	4.296051e-03
2.440157098958583e+00	6.827828e+00	4.296009e-03
2.454107991815726e+00	6.413584e+00	4.295994e-03
2.468058884672868e+00	5.993392e+00	4.296005e-03
2.482009777530012e+00	5.567252e+00	4.296042e-03
2.495960670387154e+00	5.135164e+00	4.296105e-03
2.509911563244297e+00	4.697128e+00	4.296194e-03
2.523862456101440e+00	4.253144e+00	4.296309e-03
2.533628081101440e+00	3.951386e+00	4.377097e-03
2.543393706101440e+00	3.653574e+00	4.745113e-03
2.544614409226440e+00	3.616681e+00	5.148910e-03
2.547055815476440e+00	3.543142e+00	7.489423e-03
2.548736973657195e+00	3.492700e+00	1.163968e-02
2.550701171384755e+00	3.433980e+00	2.032236e-02
2.550910740363972e+00	3.427729e+00	2.181177e-02
2.551329878322405e+00	3.415235e+00	2.641786e-02
2.552168154239271e+00	3.390280e+00	3.826567e-02
2.552241964315674e+00	3.388084e+00	3.970780e-02
2.552389584468481e+00	3.383695e+00	4.387847e-02
2.552684824774095e+00	3.374921e+00	5.433757e-02
2.552714333675860e+00	3.374044e+00	5.578394e-02
2.552773351479392e+00	3.372291e+00	5.969446e-02
2.552830785931143e+00	3.370585e+00	6.437973e-02
2.552844286689144e+00	3.370184e+00	6.599431e-02
2.552871288205147e+00	3.369382e+00	6.993187e-02
2.552889005156843e+00	3.368856e+00	7.340930e-02
2.552899972785591e+00	3.368530e+00	7.652783e-02
2.552907356148778e+00	3.368311e+00	7.962158e-02
2.552913249974195e+00	3.368136e+00	8.310578e-02
2.552914590338115e+00	3.368096e+00	8.437759e-02
2.552917271065956e+00	3.368016e+00	8.765649e-02
2.552919733357571e+00	3.367943e+00	9.189951e-02
2.552921238486781e+00	3.367898e+00	9.577360e-02
2.552922370532351e+00	3.367865e+00	1.000882e-01
2.552923255511877e+00	3.367839e+00	1.049724e-01
2.552923956316303e+00	3.367818e+00	1.105767e-01
2.552924564829666e+00	3.367800e+00	1.177909e-01
2.552925159538848e+00	3.367782e+00	1.286519e-01
2.552925709863318e+00	3.367766e+00	1.449115e-01
2.552926224740451e+00	3.367750e+00	1.709132e-01
2.552926776353617e+00	3.367734e+00	2.183245e-01
2.552927296730203e+00	3.367719e+00	2.948920e-01
2.552927922755485e+00	3.367700e+00	4.421625e-01
2.552928481531834e+00	3.367683e+00	6.291800e-01
2.552928913686846e+00	3.367671e+00	8.121261e-01
2.552929416734118e+00	3.367656e+00	1.051738e+00
2.552929903349564e+00	3.367641e+00	1.293670e+00
2.552931179786955e+00	3.367603e+00	1.938035e+00
2.552939794188478e+00	3.367347e+00	6.293685e+00
2.552943581553723e+00	3.367235e+00	7.858644e+00
2.552946628554587e+00	3.367145e+00	8.409539e+00
2.552950648534209e+00	3.367025e+00	8.493911e+00
2.562950020394948e+00	3.070944e+00	8.494881e+00
2.572949392255686e+00	2.785144e+00	8.495625e+00
2.582948764116424e+00	2.509627e+00	8.496142e+00
2.592948135977162e+00	2.244393e+00	8.496431e+00
2.602947507837901e+00	1.989440e+00	8.496494e+00
2.612946879698639e+00	1.744770e+00	8.496330e+00
2.622946251559377e+00	1.510382e+00	8.495938e+00
2.632711876559377e+00	1.297368e+00	8.495954e+00
2.642477501559377e+00	1.098290e+00	8.495968e+00
2.652243126559377e+00	9.138970e-01	8.495981e+00
2.662008751559377e+00	7.448832e-01	8.495994e+00
2.671774376559377e+00	5.918847e-01	8.496004e+00
2.681540001559377e+00	4.554774e-01	8.496015e+00
2.691305626559377e+00	3.361746e-01	8.496023e+00
2.701071251559377e+00	2.344254e-01	8.496031e+00
2.710836876559377e+00	1.506128e-01	8.496037e+00
2.720602501559377e+00	8.505217e-02	8.496041e+00
2.730368126559377e+00	3.799028e-02	8.496044e+00
2.740133751559377e+00	9.604279e-03	8.496046e+00
2.749899376559377e+00	9.993050e-07	8.496047e+00
2.759665001559377e+00	9.216587e-03	8.496046e+00
2.769430626559377e+00	3.721636e-02	8.496044e+00
2.779196251559377e+00	8.389492e-02	8.496041e+00
2.788961876559377e+00	1.490766e-01	8.496037e+00
2.798727501559377e+00	2.325161e-01	8.496031e+00
2.808493126559377e+00	3.338993e-01	8.496023e+00
2.818258751559377e+00	4.528446e-01	8.496015e+00
2.828024376559377e+00	5.889044e-01	8.496004e+00
2.837790001559377e+00	7.415665e-01	8.495994e+00
2.847555626559377e+00	9.102565e-01	8.495981e+00
2.857321251559377e+00	1.094339e+00	8.495969e+00
2.867086876559377e+00	1.293122e+00	8.495955e+00
2.876852501559377e+00	1.505857e+00	8.495938e+00
2.886618126559377e+00	1.731743e+00	8.495922e+00
2.896383751559377e+00	1.969930e+00	8.495905e+00
2.915915001559377e+00	2.479577e+00	8.495869e+00
2.935446251559377e+00	3.027135e+00	8.495829e+00
2.964743126559377e+00	3.901410e+00	8.495765e+00
2.973113662273663e+00	4.161163e+00	8.496099e+00
2.981484197987949e+00	4.421433e+00	8.496207e+00
2.989854733702234e+00	4.682220e+00	8.496088e+00
2.998225269416520e+00	4.943522e+00	8.495743e+00
3.006595805130805e+00	5.205340e+00	8.495171e+00
3.014966340845092e+00	5.467675e+00	8.494372e+00
3.023336876559377e+00	5.730525e+00	8.493347e+00
3.033592998167995e+00	6.047536e+00	8.483607e+00
3.035309736298158e+00	6.100211e+00	8.463994e+00
3.035459512109136e+00	6.104800e+00	8.536848e+00
3.035609287920114e+00	6.109388e+00	8.582412e+00
3.035759063731092e+00	6.113976e+00	8.600686e+00
3.035908839542069e+00	6.118562e+00	8.591670e+00
3.036058615353047e+00	6.123148e+00	8.555365e+00
3.036208391164025e+00	6.127733e+00	8.491770e+00
3.036358166975003e+00	6.132317e+00	8.400886e+00
3.036358825635366e+00	6.132337e+00	8.406091e+00
3.036359484295730e+00	6.132357e+00	8.404145e+00
3.036360142956093e+00	6.132377e+00	8.395048e+00
3.036360801616457e+00	6.132397e+00	8.378799e+00
3.036361460276821e+00	6.132417e+00	8.355398e+00
3.036362118937184e+00	6.132438e+00	8.324846e+00
3.036362777597548e+00	6.132458e+00	8.287142e+00
3.036363298041916e+00	6.132473e+00	8.214771e+00
3.036363922048607e+00	6.132493e+00	8.076975e+00
3.036364415263405e+00	6.132508e+00	7.921961e+00
3.036365331856569e+00	6.132536e+00	7.522073e+00
3.036375743012850e+00	6.132854e+00	2.304664e+00
3.036378562303206e+00	6.132941e+00	9.192478e-01
3.036380392728147e+00	6.132997e+00	7.593934e-02
3.036380415655176e+00	6.132997e+00	6.964470e-02
3.036380461509233e+00	6.132998e+00	6.510860e-02
3.036380553217348e+00	6.133001e+00	5.793337e-02
3.036380736633577e+00	6.133007e+00	4.794175e-02
3.036381103466036e+00	6.133018e+00	3.595141e-02
3.036381837130953e+00	6.133041e+00	2.308078e-02
3.036382756642916e+00	6.133069e+00	1.475565e-02
3.036383788473534e+00	6.133101e+00	1.010783e-02
3.036384957884116e+00	6.133136e+00	7.441209e-03
3.036386355010387e+00	6.133179e+00	5.864066e-03
3.036388058635389e+00	6.133231e+00	4.983273e-03
3.036390205479565e+00	6.133297e+00	4.543006e-03
3.036393004303739e+00	6.133382e+00	4.360727e-03
3.036396918114615e+00	6.133502e+00	4.305144e-03
3.053345947114348e+00	6.657330e+00	4.300874e-03
3.070294976114080e+00	7.149531e+00	4.297594e-03
3.087244005113813e+00	7.610103e+00	4.295305e-03
3.104193034113546e+00	8.039047e+00	4.294006e-03
3.121142063113279e+00	8.436363e+00	4.293697e-03
3.138091092113012e+00	8.802051e+00	4.294379e-03
3.155040121112744e+00	9.136111e+00	4.296051e-03
3.184336996112744e+00	9.580462e+00	4.296051e-03
3.213633871112744e+00	9.870042e+00	4.296051e-03
3.242930746112744e+00	9.995069e+00	4.296051e-03
3.272227621112744e+00	9.951317e+00	4.296051e-03
3.301524496112744e+00	9.740265e+00	4.296051e-03
3.330821371112744e+00	9.369044e+00	4.296051e-03
3.360118246112744e+00	8.850197e+00	4.296051e-03
3.389415121112744e+00	8.201256e+00	4.296051e-03
3.418711996112744e+00	7.444148e+00	4.296051e-03
3.434057978255602e+00	7.002005e+00	4.295892e-03
3.449403960398459e+00	6.551935e+00	4.295832e-03
3.464749942541316e+00	6.093936e+00	4.295874e-03
3.480095924684173e+00	5.628010e+00	4.296016e-03
3.495441906827030e+00	5.154156e+00	4.296258e-03
3.510787888969887e+00	4.672374e+00	4.296601e-03
3.526133871112744e+00	4.182665e+00	4.297044e-03
3.535899496112744e+00	3.881723e+00	4.592438e-03
3.545665121112744e+00	3.584991e+00	5.650811e-03
3.546245708708550e+00	3.567506e+00	6.008564e-03
3.547406883900163e+00	3.532595e+00	7.895529e-03
3.549429929324591e+00	3.471958e+00	1.525362e-02
3.551584263279214e+00	3.407657e+00	2.900347e-02
3.551712485835577e+00	3.403839e+00	3.043248e-02
3.551968930948304e+00	3.396206e+00	3.492420e-02
3.552481821173758e+00	3.380953e+00	4.629461e-02
3.552536475063489e+00	3.379329e+00	4.797841e-02
3.552645782842952e+00	3.376081e+00	5.261563e-02
3.552754825920061e+00	3.372841e+00	5.826409e-02
3.552771866339759e+00	3.372335e+00	5.938526e-02
3.552805947179155e+00	3.371322e+00	6.221630e-02
3.552852043598730e+00	3.369953e+00	6.683981e-02
3.552862571841811e+00	3.369641e+00	6.836969e-02
3.552879975695689e+00	3.369124e+00	7.142658e-02
3.552893657724439e+00	3.368717e+00	7.460418e-02
3.552903077227866e+00	3.368438e+00	7.772556e-02
3.552909729438785e+00	3.368240e+00	8.095461e-02
3.552914536021423e+00	3.368098e+00	8.426011e-02
3.552915684228794e+00	3.368063e+00	8.550702e-02
3.552917980643536e+00	3.367995e+00	8.869203e-02
3.552920157591664e+00	3.367931e+00	9.290507e-02
3.552921560963042e+00	3.367889e+00	9.692690e-02
3.552922626579401e+00	3.367857e+00	1.014348e-01
3.552923457297713e+00	3.367833e+00	1.065268e-01
3.552924117639626e+00	3.367813e+00	1.124363e-01
3.552924725787716e+00	3.367795e+00	1.205887e-01
3.552925307305359e+00	3.367778e+00	1.327635e-01
3.552925843008125e+00	3.367762e+00	1.511487e-01
3.552926353431059e+00	3.367747e+00	1.810564e-01
3.552926895612508e+00	3.367730e+00	2.349313e-01
3.552927429962056e+00	3.367715e+00	3.254810e-01
3.552928093192650e+00	3.367695e+00	4.990734e-01
3.552928565137684e+00	3.367681e+00	6.692542e-01
3.552929007534674e+00	3.367668e+00	8.645211e-01
3.552929494370207e+00	3.367653e+00	1.099589e+00
3.552930574222584e+00	3.367621e+00	1.642052e+00
3.552931295354727e+00	3.367600e+00	2.006617e+00
3.552935374528789e+00	3.367479e+00	4.069379e+00
3.552940648348343e+00	3.367322e+00	6.699559e+00
3.552944228986667e+00	3.367216e+00	8.050978e+00
3.552947323599852e+00	3.367124e+00	8.473951e+00
3.552951114373968e+00	3.367011e+00	8.494912e+00
3.563442575041746e+00	3.056288e+00	8.495379e+00
3.573934035709523e+00	2.757076e+00	8.495739e+00
3.584425496377300e+00	2.469377e+00	8.495992e+00
3.594916957045078e+00	2.193188e+00	8.496140e+00
3.605408417712855e+00	1.928512e+00	8.496181e+00
3.615899878380632e+00	1.675347e+00	8.496116e+00
3.626391339048410e+00	1.433694e+00	8.495944e+00
3.636156964048410e+00	1.225507e+00	8.495958e+00
3.645922589048410e+00	1.031527e+00	8.495973e+00
3.655688214048410e+00	8.524831e-01	8.495985e+00
3.665453839048410e+00	6.890496e-01	8.495997e+00
3.675219464048410e+00	5.418415e-01	8.496008e+00
3.684985089048410e+00	4.114129e-01	8.496017e+00
3.694750714048410e+00	2.982548e-01	8.496025e+00
3.704516339048410e+00	2.027929e-01	8.496033e+00
3.714281964048410e+00	1.253867e-01	8.496038e+00
3.724047589048410e+00	6.632735e-02	8.496042e+00
3.733813214048410e+00	2.583727e-02	8.496045e+00
3.743578839048410e+00	4.068815e-03	8.496047e+00
3.753344464048410e+00	1.103918e-03	8.496047e+00
3.763110089048410e+00	1.695374e-02	8.496046e+00
3.772875714048410e+00	5.155862e-02	8.496043e+00
3.782641339048410e+00	1.047883e-01	8.496039e+00
3.792406964048410e+00	1.764425e-01	8.496035e+00
3.802172589048410e+00	2.662514e-01	8.496028e+00
3.811938214048410e+00	3.738771e-01	8.496020e+00
3.821703839048410e+00	4.989145e-01	8.496012e+00
3.831469464048410e+00	6.408930e-01	8.496001e+00
3.841235089048410e+00	7.992781e-01	8.495990e+00
3.851000714048410e+00	9.734738e-01	8.495977e+00
3.860766339048410e+00	1.162825e+00	8.495963e+00
3.870531964048410e+00	1.366617e+00	8.495949e+00
3.880297589048410e+00	1.584086e+00	8.495933e+00
3.890063214048410e+00	1.814410e+00	8.495916e+00
3.899828839048410e+00	2.056725e+00	8.495899e+00
3.919360089048410e+00	2.573634e+00	8.495861e+00
3.938891339048410e+00	3.127038e+00	8.495821e+00
3.968188214048410e+00	4.007245e+00	8.495757e+00
4.028002667173410e+00	5.875198e+00	8.494880e+00
4.030444073423410e+00	5.950607e+00	8.489616e+00
4.035579090174610e+00	6.108463e+00	8.461905e+00
4.035690202466740e+00	6.111867e+00	8.472878e+00
4.035801314758870e+00	6.115270e+00	8.477505e+00
4.035912427051000e+00	6.118673e+00	8.475785e+00
4.036023539343129e+00	6.122075e+00	8.467719e+00
4.036134651635258e+00	6.125476e+00	8.453307e+00
4.036245763927388e+00	6.128877e+00	8.432548e+00
4.036356876219518e+00	6.132277e+00	8.405442e+00
4.036357638827080e+00	6.132300e+00	8.408421e+00
4.036358401434643e+00	6.132324e+00	8.406929e+00
4.036359164042205e+00	6.132347e+00	8.400964e+00
4.036359926649767e+00	6.132370e+00	8.390528e+00
4.036360689257329e+00	6.132393e+00	8.375620e+00
4.036361451864892e+00	6.132417e+00	8.356241e+00
4.036362214472454e+00	6.132440e+00	8.332390e+00
4.036362781449038e+00	6.132458e+00	8.286170e+00
4.036363302464288e+00	6.132473e+00	8.213044e+00
4.036363928280855e+00	6.132493e+00	8.074039e+00
4.036364410518030e+00	6.132507e+00	7.921976e+00
4.036365323057804e+00	6.132535e+00	7.523684e+00
4.036375745024037e+00	6.132854e+00	2.300931e+00
4.036378563162551e+00	6.132941e+00	9.166800e-01
4.036380392080638e+00	6.132997e+00	7.545275e-02
4.036380414885911e+00	6.132997e+00	6.922065e-02
4.036380460496455e+00	6.132998e+00	6.476455e-02
4.036380551717545e+00	6.133001e+00	5.769594e-02
4.036380734159724e+00	6.133007e+00	4.781557e-02
4.036381099044083e+00	6.133018e+00	3.591233e-02
4.036381828812800e+00	6.133040e+00	2.311485e-02
4.036382749734753e+00	6.133069e+00	1.477197e-02
4.036383779585205e+00	6.133100e+00	1.012129e-02
4.036384950211043e+00	6.133136e+00	7.446493e-03
4.036386344603131e+00	6.133179e+00	5.868453e-03
4.036388049063155e+00	6.133231e+00	4.985023e-03
4.036390191923592e+00	6.133296e+00	4.544013e-03
4.036392990834999e+00	6.133382e+00	4.361029e-03
4.036396896361307e+00	6.133502e+00	4.305211e-03
4.053340753906375e+00	6.657166e+00	4.300910e-03
4.070284611451443e+00	7.149227e+00	4.297606e-03
4.087228468996511e+00	7.609683e+00	4.295299e-03
4.104172326541580e+00	8.038536e+00	4.293991e-03
4.121116184086648e+00	8.435785e+00	4.293680e-03
4.138060041631716e+00	8.801430e+00	4.294366e-03
4.155003899176784e+00	9.135471e+00	4.296051e-03
4.184300774176784e+00	9.580005e+00	4.296051e-03
4.213597649176784e+00	9.869784e+00	4.296051e-03
4.242894524176784e+00	9.995018e+00	4.296051e-03
4.272191399176784e+00	9.951475e+00	4.296051e-03
4.301488274176784e+00	9.740626e+00	4.296051e-03
4.330785149176784e+00	9.369597e+00	4.296051e-03
4.360082024176784e+00	8.850924e+00	4.296051e-03
4.389378899176784e+00	8.202130e+00	4.296051e-03
4.418675774176784e+00	7.445140e+00	4.296051e-03
4.434021756319641e+00	7.003047e+00	4.295895e-03
4.449367738462499e+00	6.553016e+00	4.295837e-03
4.464713720605356e+00	6.095047e+00	4.295877e-03
4.480059702748213e+00	5.629139e+00	4.296016e-03
4.495405684891070e+00	5.155293e+00	4.296254e-03
4.510751667033928e+00	4.673509e+00	4.296589e-03
4.526097649176784e+00	4.183787e+00	4.297024e-03
4.535863274176784e+00	3.882833e+00	4.586479e-03
4.545628899176784e+00	3.586082e+00	5.627443e-03
4.546220171760051e+00	3.568275e+00	5.988155e-03
4.547402716926583e+00	3.532720e+00	7.890332e-03
4.549409150564135e+00	3.472579e+00	1.513901e-02
4.551571852646695e+00	3.408027e+00	2.884899e-02
4.551701804908023e+00	3.404157e+00	3.028621e-02
4.551961709430682e+00	3.396421e+00	3.481187e-02
4.552481518475997e+00	3.380962e+00	4.628646e-02
4.552536096471136e+00	3.379340e+00	4.796442e-02
4.552645252461413e+00	3.376096e+00	5.259153e-02
4.552754672931097e+00	3.372846e+00	5.825434e-02
4.552771746613695e+00	3.372338e+00	5.937683e-02
4.552805893978891e+00	3.371324e+00	6.221176e-02
4.552851984150244e+00	3.369955e+00	6.683217e-02
4.552862518399848e+00	3.369642e+00	6.836194e-02
4.552879950868046e+00	3.369125e+00	7.142200e-02
4.552893644938702e+00	3.368718e+00	7.460076e-02
4.552903070365791e+00	3.368438e+00	7.772270e-02
4.552909723369903e+00	3.368240e+00	8.095073e-02
4.552914531602277e+00	3.368098e+00	8.425580e-02
4.552915680211753e+00	3.368063e+00	8.550247e-02
4.552917977430705e+00	3.367995e+00	8.868679e-02
4.552920155216253e+00	3.367931e+00	9.289895e-02
4.552921559056172e+00	3.367889e+00	9.691962e-02
4.552922625029008e+00	3.367857e+00	1.014261e-01
4.552923456059095e+00	3.367833e+00	1.065167e-01
4.552924116644769e+00	3.367813e+00	1.124241e-01
4.552924724795715e+00	3.367795e+00	1.205701e-01
4.552925306393591e+00	3.367778e+00	1.327358e-01
4.552925842178911e+00	3.367762e+00	1.511062e-01
4.552926352615032e+00	3.367747e+00	1.809863e-01
4.552926894847034e+00	3.367731e+00	2.348159e-01
4.552927429085560e+00	3.367715e+00	3.252640e-01
4.552928092023650e+00	3.367695e+00	4.986541e-01
4.552928564382948e+00	3.367681e+00	6.688951e-01
4.552929006611572e+00	3.367668e+00	8.640280e-01
4.552929493464653e+00	3.367653e+00	1.099077e+00
4.552930573206852e+00	3.367621e+00	1.641473e+00
4.552931293467665e+00	3.367600e+00	2.005597e+00
4.552935366067787e+00	3.367479e+00	4.065035e+00
4.552940630224775e+00	3.367323e+00	6.692232e+00
4.552944213937820e+00	3.367216e+00	8.048738e+00
4.552947302407348e+00	3.367125e+00	8.473519e+00
4.552951092787363e+00	3.367012e+00	8.494922e+00
4.563427704631802e+00	3.056731e+00	8.495384e+00
4.573904316476240e+00	2.757924e+00	8.495741e+00
4.584380928320678e+00	2.470589e+00	8.495992e+00
4.594857540165117e+00	2.194728e+00	8.496138e+00
4.605334152009556e+00	1.930340e+00	8.496179e+00
4.615810763853994e+00	1.677425e+00	8.496114e+00
4.626287375698433e+00	1.435984e+00	8.495944e+00
4.636053000698433e+00	1.227650e+00	8.495958e+00
4.645818625698433e+00	1.033515e+00	8.495973e+00
4.655584250698433e+00	8.543081e-01	8.495985e+00
4.665349875698433e+00	6.907051e-01	8.495997e+00
4.675115500698433e+00	5.433212e-01	8.496008e+00
4.684881125698433e+00	4.127113e-01	8.496017e+00
4.694646750698433e+00	2.993670e-01	8.496025e+00
4.704412375698433e+00	2.037147e-01	8.496033e+00
4.714178000698433e+00	1.261145e-01	8.496038e+00
4.723943625698433e+00	6.685863e-02	8.496042e+00
4.733709250698433e+00	2.616994e-02	8.496045e+00
4.743474875698433e+00	4.201617e-03	8.496047e+00
4.753240500698433e+00	1.036356e-03	8.496047e+00
4.763006125698433e+00	1.668607e-02	8.496046e+00
4.772771750698433e+00	5.109184e-02	8.496043e+00
4.782537375698433e+00	1.041242e-01	8.496039e+00
4.792303000698433e+00	1.755835e-01	8.496035e+00
4.802068625698433e+00	2.652009e-01	8.496028e+00
4.811834250698433e+00	3.726389e-01	8.496020e+00
4.821599875698433e+00	4.974933e-01	8.496012e+00
4.831365500698433e+00	6.392941e-01	8.496001e+00
4.841131125698433e+00	7.975076e-01	8.495990e+00
4.850896750698433e+00	9.715384e-01	8.495977e+00
4.860662375698433e+00	1.160731e+00	8.495964e+00
4.870428000698433e+00	1.364375e+00	8.495949e+00
4.880193625698433e+00	1.581701e+00	8.495934e+00
4.889959250698433e+00	1.811894e+00	8.495916e+00
4.899724875698433e+00	2.054085e+00	8.495899e+00
4.919256125698433e+00	2.570779e+00	8.495861e+00
4.938787375698433e+00	3.124011e+00	8.495821e+00
4.968084250698433e+00	4.004044e+00	8.495757e+00
5.027898703823433e+00	5.871982e+00	8.494923e+00
5.030340110073433e+00	5.947400e+00	8.489952e+00
5.035483731668819e+00	6.105542e+00	8.463895e+00
5.035608499005018e+00	6.109365e+00	8.474586e+00
5.035733266341216e+00	6.113186e+00	8.478883e+00
5.035858033677415e+00	6.117007e+00	8.476788e+00
5.035982801013614e+00	6.120827e+00	8.468300e+00
5.036107568349813e+00	6.124647e+00	8.453418e+00
5.036232335686011e+00	6.128466e+00	8.432144e+00
5.036357103022210e+00	6.132284e+00	8.404476e+00
5.036357825591073e+00	6.132306e+00	8.407150e+00
5.036358548159936e+00	6.132328e+00	8.405428e+00
5.036359270728799e+00	6.132350e+00	8.399310e+00
5.036359993297661e+00	6.132372e+00	8.388797e+00
5.036360715866524e+00	6.132395e+00	8.373888e+00
5.036361438435387e+00	6.132417e+00	8.354583e+00
5.036362161004249e+00	6.132439e+00	8.330883e+00
5.036362725912905e+00	6.132456e+00	8.283721e+00
5.036363248525381e+00	6.132472e+00	8.208664e+00
5.036363878994468e+00	6.132491e+00	8.066528e+00
5.036364335280799e+00	6.132505e+00	7.921392e+00
5.036365237929818e+00	6.132533e+00	7.526845e+00
5.036375729053773e+00	6.132854e+00	2.269517e+00
5.036378538589272e+00	6.132940e+00	8.947856e-01
5.036380355093469e+00	6.132996e+00	7.152333e-02
5.036380377209534e+00	6.132996e+00	6.571814e-02
5.036380421441665e+00	6.132998e+00	6.183510e-02
5.036380509905928e+00	6.133000e+00	5.553888e-02
5.036380686834452e+00	6.133006e+00	4.654337e-02
5.036381040691501e+00	6.133017e+00	3.541953e-02
5.036381748405599e+00	6.133038e+00	2.318115e-02
5.036382674416493e+00	6.133066e+00	1.480559e-02
5.036383696648017e+00	6.133098e+00	1.016015e-02
5.036384875701851e+00	6.133134e+00	7.454306e-03
5.036386259352723e+00	6.133176e+00	5.879058e-03
5.036387970694541e+00	6.133228e+00	4.987954e-03
5.036390098882202e+00	6.133294e+00	4.546414e-03
5.036392905535648e+00	6.133379e+00	4.361616e-03
5.036396784257349e+00	6.133498e+00	4.305344e-03
5.053325860053094e+00	6.656694e+00	4.300980e-03
5.070254935848838e+00	7.148355e+00	4.297628e-03
5.087184011644583e+00	7.608482e+00	4.295289e-03
5.104113087440328e+00	8.037074e+00	4.293961e-03
5.121042163236073e+00	8.434131e+00	4.293646e-03
5.137971239031817e+00	8.799654e+00	4.294342e-03
5.154900314827562e+00	9.133642e+00	4.296051e-03
5.184197189827562e+00	9.578698e+00	4.296051e-03
5.213494064827562e+00	9.869045e+00	4.296051e-03
5.242790939827562e+00	9.994871e+00	4.296051e-03
5.272087814827562e+00	9.951926e+00	4.296051e-03
5.301384689827562e+00	9.741660e+00	4.296051e-03
5.330681564827562e+00	9.371178e+00	4.296051e-03
5.359978439827562e+00	8.852998e+00	4.296051e-03
5.389275314827562e+00	8.204629e+00	4.296051e-03
5.418572189827562e+00	7.447978e+00	4.296051e-03
5.433918171970419e+00	7.006027e+00	4.295904e-03
5.449264154113276e+00	6.556108e+00	4.295849e-03
5.464610136256133e+00	6.098221e+00	4.295888e-03
5.479956118398991e+00	5.632367e+00	4.296018e-03
5.495302100541847e+00	5.158545e+00	4.296242e-03
5.510648082684705e+00	4.676756e+00	4.296557e-03
5.525994064827562e+00	4.186998e+00	4.296966e-03
5.535759689827562e+00	3.886005e+00	4.570069e-03
5.545525314827562e+00	3.589204e+00	5.563192e-03
5.546148395771628e+00	3.570436e+00	5.933010e-03
5.547394557659761e+00	3.532965e+00	7.882695e-03
5.549354637037414e+00	3.474210e+00	1.484548e-02
5.551542028043718e+00	3.408915e+00	2.848406e-02
5.551676339385081e+00	3.404915e+00	2.994239e-02
5.551944962067809e+00	3.396920e+00	3.455855e-02
5.552482207433265e+00	3.380942e+00	4.631223e-02
5.552536396063832e+00	3.379331e+00	4.797320e-02
5.552644773324968e+00	3.376111e+00	5.256895e-02
5.552754741713080e+00	3.372844e+00	5.825961e-02
5.552771840270256e+00	3.372336e+00	5.938382e-02
5.552806037384607e+00	3.371320e+00	6.222405e-02
5.552851979150502e+00	3.369955e+00	6.683154e-02
5.552862500374656e+00	3.369643e+00	6.835926e-02
5.552879949726611e+00	3.369125e+00	7.142205e-02
5.552893648446624e+00	3.368718e+00	7.460184e-02
5.552903074070785e+00	3.368438e+00	7.772420e-02
5.552909726116984e+00	3.368240e+00	8.095222e-02
5.552914532142019e+00	3.368098e+00	8.425619e-02
5.552915680339455e+00	3.368063e+00	8.550240e-02
5.552917976734330e+00	3.367995e+00	8.868537e-02
5.552920154537494e+00	3.367931e+00	9.289695e-02
5.552921558460818e+00	3.367889e+00	9.691704e-02
5.552922624534296e+00	3.367857e+00	1.014229e-01
5.552923455668355e+00	3.367833e+00	1.065129e-01
5.552924116340903e+00	3.367813e+00	1.124195e-01
5.552924724491749e+00	3.367795e+00	1.205631e-01
5.552925306119877e+00	3.367778e+00	1.327255e-01
5.552925841936331e+00	3.367762e+00	1.510904e-01
5.552926352377521e+00	3.367747e+00	1.809601e-01
5.552926894628460e+00	3.367731e+00	2.347729e-01
5.552927428825618e+00	3.367715e+00	3.251831e-01
5.552928091654712e+00	3.367695e+00	4.984978e-01
5.552928564169099e+00	3.367681e+00	6.687614e-01
5.552929006335309e+00	3.367668e+00	8.638444e-01
5.552929493195332e+00	3.367653e+00	1.098886e+00
5.552930572897137e+00	3.367621e+00	1.641258e+00
5.552931292834471e+00	3.367600e+00	2.005218e+00
5.552935362995669e+00	3.367479e+00	4.063423e+00
5.552940623568725e+00	3.367323e+00	6.689507e+00
5.552944208433027e+00	3.367216e+00	8.047899e+00
5.552947294655554e+00	3.367125e+00	8.473356e+00
5.552951084916116e+00	3.367012e+00	8.494927e+00
5.563422247812178e+00	3.056894e+00	8.495387e+00
5.573893410708240e+00	2.758234e+00	8.495741e+00
5.584364573604302e+00	2.471034e+00	8.495991e+00
5.594835736500364e+00	2.195293e+00	8.496136e+00
5.605306899396425e+00	1.931011e+00	8.496177e+00
5.615778062292487e+00	1.678188e+00	8.496113e+00
5.626249225188549e+00	1.436824e+00	8.495944e+00
5.636014850188549e+00	1.228437e+00	8.495958e+00
5.645780475188549e+00	1.034244e+00	8.495973e+00
5.655546100188549e+00	8.549783e-01	8.495985e+00
5.665311725188549e+00	6.913130e-01	8.495997e+00
5.675077350188549e+00	5.438647e-01	8.496008e+00
5.684842975188549e+00	4.131883e-01	8.496017e+00
5.694608600188549e+00	2.997756e-01	8.496025e+00
5.704374225188549e+00	2.040534e-01	8.496033e+00
5.714139850188549e+00	1.263822e-01	8.496038e+00
5.723905475188549e+00	6.705412e-02	8.496042e+00
5.733671100188549e+00	2.629254e-02	8.496045e+00
5.743436725188549e+00	4.250885e-03	8.496047e+00
5.753202350188549e+00	1.012098e-03	8.496047e+00
5.762967975188549e+00	1.658837e-02	8.496046e+00
5.772733600188549e+00	5.092108e-02	8.496043e+00
5.782499225188549e+00	1.038810e-01	8.496039e+00
5.792264850188549e+00	1.752688e-01	8.496035e+00
5.802030475188549e+00	2.648158e-01	8.496028e+00
5.811796100188549e+00	3.721850e-01	8.496020e+00
5.821561725188549e+00	4.969722e-01	8.496012e+00
5.831327350188549e+00	6.387078e-01	8.496001e+00
5.841092975188549e+00	7.968584e-01	8.495990e+00
5.850858600188549e+00	9.708286e-01	8.495977e+00
5.860624225188549e+00	1.159964e+00	8.495964e+00
5.870389850188549e+00	1.363552e+00	8.495949e+00
5.880155475188549e+00	1.580827e+00	8.495934e+00
5.889921100188549e+00	1.810971e+00	8.495916e+00
5.899686725188549e+00	2.053117e+00	8.495899e+00
5.919217975188549e+00	2.569732e+00	8.495862e+00
5.938749225188549e+00	3.122900e+00	8.495821e+00
5.968046100188549e+00	4.002869e+00	8.495758e+00
6.027860553313549e+00	5.870802e+00	8.494938e+00
6.030301959563549e+00	5.946223e+00	8.490069e+00
6.035447969292694e+00	6.104446e+00	8.464591e+00
6.035577754939340e+00	6.108422e+00	8.473172e+00
6.035707540585986e+00	6.112398e+00	8.476123e+00
6.035837326232633e+00	6.116372e+00	8.473445e+00
6.035967111879279e+00	6.120346e+00	8.465137e+00
6.036096897525925e+00	6.124320e+00	8.451199e+00
6.036226683172571e+00	6.128293e+00	8.431631e+00
6.036356468819218e+00	6.132265e+00	8.406434e+00
6.036357272886995e+00	6.132289e+00	8.409304e+00
6.036358076954770e+00	6.132314e+00	8.407947e+00
6.036358881022547e+00	6.132339e+00	8.402363e+00
6.036359685090323e+00	6.132363e+00	8.392551e+00
6.036360489158100e+00	6.132388e+00	8.378513e+00
6.036361293225876e+00	6.132412e+00	8.360248e+00
6.036362097293653e+00	6.132437e+00	8.337755e+00
6.036363156698474e+00	6.132469e+00	8.232635e+00
6.036363731024696e+00	6.132487e+00	8.114501e+00
6.036364386165832e+00	6.132507e+00	7.916144e+00
6.036364801192761e+00	6.132519e+00	7.751164e+00
6.036366512249387e+00	6.132572e+00	6.922024e+00
6.036375592452406e+00	6.132850e+00	2.363149e+00
6.036378417474420e+00	6.132936e+00	9.641345e-01
6.036380267641887e+00	6.132993e+00	2.262323e-01
6.036381374338836e+00	6.133027e+00	3.725677e-02
6.036382379028347e+00	6.133057e+00	1.717217e-02
6.036383304563450e+00	6.133086e+00	1.157884e-02
6.036384422933008e+00	6.133120e+00	8.301478e-03
6.036385672703998e+00	6.133158e+00	6.421978e-03
6.036387297600466e+00	6.133208e+00	5.261757e-03
6.036389201161987e+00	6.133266e+00	4.680353e-03
6.036391762723224e+00	6.133345e+00	4.409615e-03
6.036395077019374e+00	6.133446e+00	4.317742e-03
6.036545349412053e+00	6.138043e+00	4.303904e-03
6.036695621804733e+00	6.142640e+00	4.293646e-03
6.036845894197413e+00	6.147235e+00	4.286967e-03
6.036996166590093e+00	6.151830e+00	4.283869e-03
6.037146438982773e+00	6.156423e+00	4.284349e-03
6.037296711375452e+00	6.161016e+00	4.288410e-03
6.037446983768132e+00	6.165607e+00	4.296050e-03
6.055053778086435e+00	6.709287e+00	4.296051e-03
6.072660572404740e+00	7.217819e+00	4.296051e-03
6.090267366723043e+00	7.691206e+00	4.296051e-03
6.107874161041346e+00	8.129447e+00	4.296051e-03
6.125480955359650e+00	8.532541e+00	4.296051e-03
6.143087749677954e+00	8.900489e+00	4.296051e-03
6.160694543996257e+00	9.233291e+00	4.296051e-03
6.189991418996257e+00	9.648783e+00	4.296051e-03
6.219288293996257e+00	9.907198e+00	4.296051e-03
6.248585168996257e+00	9.999803e+00	4.296051e-03
6.277882043996257e+00	9.923469e+00	4.296051e-03
6.307178918996257e+00	9.680777e+00	4.296051e-03
6.336475793996257e+00	9.279924e+00	4.296051e-03
6.365772668996257e+00	8.734459e+00	4.296051e-03
6.395069543996257e+00	8.062809e+00	4.296051e-03
6.424366418996257e+00	7.287670e+00	4.296051e-03
6.438317311853401e+00	6.881484e+00	4.296037e-03
6.452268204710543e+00	6.468917e+00	4.296032e-03
6.466219097567686e+00	6.049967e+00	4.296036e-03
6.480169990424828e+00	5.624635e+00	4.296048e-03
6.494120883281972e+00	5.192920e+00	4.296069e-03
6.508071776139114e+00	4.754823e+00	4.296099e-03
6.522022668996257e+00	4.310343e+00	4.296137e-03
6.531788293996257e+00	4.007968e+00	4.323692e-03
6.541553918996257e+00	3.709327e+00	4.841592e-03
6.546012615099422e+00	3.574524e+00	5.814376e-03
6.546349748303157e+00	3.564375e+00	6.047086e-03
6.547024014710626e+00	3.544097e+00	6.953549e-03
6.548372547525565e+00	3.503621e+00	1.026730e-02
6.550368994441517e+00	3.443894e+00	2.314087e-02
6.552591696401069e+00	3.377688e+00	5.012970e-02
6.552605943869581e+00	3.377264e+00	5.052784e-02
6.552634438806607e+00	3.376418e+00	5.177146e-02
6.552691428680658e+00	3.374724e+00	5.479283e-02
6.552815299539826e+00	3.371045e+00	6.288929e-02
6.552835081761955e+00	3.370457e+00	6.498849e-02
6.552865327195125e+00	3.369559e+00	6.897040e-02
6.552887127285826e+00	3.368912e+00	7.268758e-02
6.552896770375761e+00	3.368625e+00	7.538360e-02
6.552904737839856e+00	3.368388e+00	7.851537e-02
6.552911948381352e+00	3.368174e+00	8.275817e-02
6.552916942848415e+00	3.368026e+00	8.721243e-02
6.552918043451870e+00	3.367993e+00	8.895465e-02
6.552919978215475e+00	3.367936e+00	9.293449e-02
6.552921398474068e+00	3.367894e+00	9.706056e-02
6.552922456354728e+00	3.367862e+00	1.015682e-01
6.552923283450153e+00	3.367838e+00	1.066837e-01
6.552923941253642e+00	3.367818e+00	1.126282e-01
6.552924548733180e+00	3.367800e+00	1.208611e-01
6.552925129256802e+00	3.367783e+00	1.331640e-01
6.552925663766811e+00	3.367767e+00	1.517540e-01
6.552926174054766e+00	3.367752e+00	1.820501e-01
6.552926715546529e+00	3.367736e+00	2.365562e-01
6.552927251480937e+00	3.367720e+00	3.285331e-01
6.552927918844325e+00	3.367700e+00	5.049777e-01
6.552928385212497e+00	3.367686e+00	6.743783e-01
6.552928830121576e+00	3.367673e+00	8.715944e-01
6.552929316876198e+00	3.367659e+00	1.107007e+00
6.552930398570178e+00	3.367626e+00	1.650563e+00
6.552931132521328e+00	3.367605e+00	2.021619e+00
6.552935309154158e+00	3.367481e+00	4.133653e+00
6.552940726615218e+00	3.367320e+00	6.805499e+00
6.552944266187610e+00	3.367215e+00	8.342428e+00
6.552944832040103e+00	3.367198e+00	8.459126e+00
6.552948227155059e+00	3.367097e+00	8.490376e+00
6.552958566650348e+00	3.366790e+00	8.495834e+00
6.563684572814994e+00	3.049080e+00	8.495842e+00
6.574410578979639e+00	2.743500e+00	8.495853e+00
6.585136585144284e+00	2.450052e+00	8.495866e+00
6.595862591308929e+00	2.168735e+00	8.495882e+00
6.606588597473575e+00	1.899549e+00	8.495900e+00
6.617314603638220e+00	1.642494e+00	8.495922e+00
6.628040609802865e+00	1.397570e+00	8.495946e+00
6.637806234802865e+00	1.191729e+00	8.495961e+00
6.647571859802865e+00	1.000222e+00	8.495975e+00
6.657337484802865e+00	8.237684e-01	8.495988e+00
6.667103109802865e+00	6.630337e-01	8.495999e+00
6.676868734802865e+00	5.186222e-01	8.496010e+00
6.686634359802865e+00	3.910776e-01	8.496019e+00
6.696399984802865e+00	2.808800e-01	8.496027e+00
6.706165609802865e+00	1.884441e-01	8.496034e+00
6.715931234802865e+00	1.141178e-01	8.496038e+00
6.725696859802865e+00	5.818091e-02	8.496043e+00
6.735462484802865e+00	2.084386e-02	8.496046e+00
6.745228109802865e+00	2.247233e-03	8.496047e+00
6.754993734802865e+00	2.461020e-03	8.496047e+00
6.764759359802865e+00	2.148441e-02	8.496045e+00
6.774524984802865e+00	5.924582e-02	8.496042e+00
6.784290609802865e+00	1.156031e-01	8.496038e+00
6.794056234802865e+00	1.903442e-01	8.496033e+00
6.803821859802865e+00	2.831877e-01	8.496027e+00
6.813587484802865e+00	3.937842e-01	8.496019e+00
6.823353109802865e+00	5.217175e-01	8.496010e+00
6.833118734802865e+00	6.665060e-01	8.495998e+00
6.842884359802865e+00	8.276048e-01	8.495987e+00
6.852649984802865e+00	1.004408e+00	8.495975e+00
6.862415609802865e+00	1.196249e+00	8.495961e+00
6.872181234802865e+00	1.402407e+00	8.495946e+00
6.881946859802865e+00	1.622105e+00	8.495930e+00
6.891712484802865e+00	1.854517e+00	8.495913e+00
6.901478109802865e+00	2.098768e+00	8.495895e+00
6.921009359802865e+00	2.619067e+00	8.495858e+00
6.940540609802865e+00	3.175179e+00	8.495817e+00
6.953270799535009e+00	3.559266e+00	8.496079e+00
6.966000989267151e+00	3.946323e+00	8.496156e+00
6.978731178999294e+00	4.336350e+00	8.496046e+00
6.991461368731437e+00	4.729348e+00	8.495751e+00
7.004191558463580e+00	5.125316e+00	8.495270e+00
7.016921748195722e+00	5.524254e+00	8.494603e+00
7.029651937927865e+00	5.926163e+00	8.493751e+00
7.033091532857205e+00	6.032127e+00	8.485967e+00
7.035226963923898e+00	6.097674e+00	8.464860e+00
7.035388654240752e+00	6.102629e+00	8.564559e+00
7.035550344557604e+00	6.107583e+00	8.627820e+00
7.035712034874458e+00	6.112536e+00	8.654643e+00
7.035873725191311e+00	6.117488e+00	8.645028e+00
7.036035415508165e+00	6.122438e+00	8.598974e+00
7.036197105825018e+00	6.127388e+00	8.516482e+00
7.036358796141871e+00	6.132336e+00	8.397552e+00
7.036359320478005e+00	6.132352e+00	8.399101e+00
7.036359844814139e+00	6.132368e+00	8.395944e+00
7.036360369150272e+00	6.132384e+00	8.388081e+00
7.036360893486407e+00	6.132400e+00	8.375513e+00
7.036361417822540e+00	6.132416e+00	8.358239e+00
7.036361942158674e+00	6.132432e+00	8.336259e+00
7.036362466494808e+00	6.132448e+00	8.309573e+00
7.036363012140766e+00	6.132465e+00	8.248755e+00
7.036363567008628e+00	6.132482e+00	8.143134e+00
7.036364288706803e+00	6.132504e+00	7.936922e+00
7.036364680544666e+00	6.132516e+00	7.787266e+00
7.036366200601663e+00	6.132562e+00	7.057627e+00
7.036373237425792e+00	6.132778e+00	3.525879e+00
7.036379649731725e+00	6.132974e+00	5.939080e-01
7.036381746005844e+00	6.133038e+00	2.559363e-02
7.036381807008530e+00	6.133040e+00	2.128279e-02
7.036381929013902e+00	6.133044e+00	2.001104e-02
7.036382173024645e+00	6.133051e+00	1.786167e-02
7.036382661046132e+00	6.133066e+00	1.467647e-02
7.036383637089106e+00	6.133096e+00	1.056431e-02
7.036384886993570e+00	6.133134e+00	7.574224e-03
7.036386326199251e+00	6.133178e+00	5.875969e-03
7.036388002199292e+00	6.133229e+00	4.991154e-03
7.036390116887329e+00	6.133294e+00	4.550269e-03
7.036392888920544e+00	6.133379e+00	4.363962e-03
7.036396787782212e+00	6.133498e+00	4.305781e-03
7.053315688656796e+00	6.656372e+00	4.301212e-03
7.070234589531379e+00	7.147758e+00	4.297703e-03
7.087153490405964e+00	7.607658e+00	4.295253e-03
7.104072391280547e+00	8.036070e+00	4.293863e-03
7.120991292155131e+00	8.432994e+00	4.293533e-03
7.137910193029715e+00	8.798432e+00	4.294262e-03
7.154829093904299e+00	9.132382e+00	4.296051e-03
7.184125968904299e+00	9.577799e+00	4.296051e-03
7.213422843904299e+00	9.868536e+00	4.296051e-03
7.242719718904299e+00	9.994770e+00	4.296051e-03
7.272016593904299e+00	9.952235e+00	4.296051e-03
7.301313468904299e+00	9.742370e+00	4.296051e-03
7.330610343904299e+00	9.372264e+00	4.296051e-03
7.359907218904299e+00	8.854424e+00	4.296051e-03
7.389204093904299e+00	8.206346e+00	4.296051e-03
7.418500968904299e+00	7.449929e+00	4.296051e-03
7.433846951047156e+00	7.008075e+00	4.295910e-03
7.449192933190013e+00	6.558234e+00	4.295858e-03
7.464538915332870e+00	6.100404e+00	4.295895e-03
7.479884897475728e+00	5.634586e+00	4.296020e-03
7.495230879618584e+00	5.160781e+00	4.296234e-03
7.510576861761442e+00	4.678987e+00	4.296536e-03
7.525922843904299e+00	4.189206e+00	4.296928e-03
7.535688468904299e+00	3.888186e+00	4.559307e-03
7.545454093904299e+00	3.591351e+00	5.521153e-03
7.546100161878175e+00	3.571888e+00	5.897824e-03
7.547392297825927e+00	3.533033e+00	7.883828e-03
7.549321424912574e+00	3.475204e+00	1.467158e-02
7.551526333982284e+00	3.409383e+00	2.829594e-02
7.551663138397608e+00	3.405308e+00	2.976697e-02
7.551936747228258e+00	3.397164e+00	3.444015e-02
7.552483964889558e+00	3.380889e+00	4.637065e-02
7.552537749301243e+00	3.379291e+00	4.801984e-02
7.552645318124614e+00	3.376094e+00	5.259244e-02
7.552755212357120e+00	3.372829e+00	5.829097e-02
7.552772268638964e+00	3.372323e+00	5.941460e-02
7.552806381202651e+00	3.371310e+00	6.225353e-02
7.552852114514217e+00	3.369951e+00	6.684897e-02
7.552862601514954e+00	3.369640e+00	6.837384e-02
7.552880007640737e+00	3.369123e+00	7.143311e-02
7.552893684462827e+00	3.368717e+00	7.461171e-02
7.552903096161937e+00	3.368437e+00	7.773334e-02
7.552909744853084e+00	3.368240e+00	8.096380e-02
7.552914543569743e+00	3.368097e+00	8.426713e-02
7.552915690176233e+00	3.368063e+00	8.551323e-02
7.552917983389213e+00	3.367995e+00	8.869576e-02
7.552920159209200e+00	3.367931e+00	9.290860e-02
7.552921562134093e+00	3.367889e+00	9.693062e-02
7.552922627504426e+00	3.367857e+00	1.014390e-01
7.552923458047757e+00	3.367833e+00	1.065316e-01
7.552924118266921e+00	3.367813e+00	1.124420e-01
7.552924726410772e+00	3.367795e+00	1.205973e-01
7.552925307892186e+00	3.367778e+00	1.327762e-01
7.552925843557666e+00	3.367762e+00	1.511682e-01
7.552926353974832e+00	3.367747e+00	1.810887e-01
7.552926896133110e+00	3.367730e+00	2.349844e-01
7.552927430533914e+00	3.367715e+00	3.255810e-01
7.552928093899507e+00	3.367695e+00	4.992669e-01
7.552928565654279e+00	3.367681e+00	6.694201e-01
7.552929008129405e+00	3.367668e+00	8.647490e-01
7.552929494957374e+00	3.367653e+00	1.099826e+00
7.552930574861477e+00	3.367621e+00	1.642320e+00
7.552931296397380e+00	3.367600e+00	2.007090e+00
7.552935378619884e+00	3.367479e+00	4.071393e+00
7.552940656921278e+00	3.367322e+00	6.702948e+00
7.552944236147755e+00	3.367216e+00	8.052008e+00
7.552947333652319e+00	3.367124e+00	8.474147e+00
7.552951124644152e+00	3.367011e+00	8.494909e+00
7.563449551491995e+00	3.056080e+00	8.495377e+00
7.573947978339839e+00	2.756679e+00	8.495739e+00
7.584446405187682e+00	2.468808e+00	8.495993e+00
7.594944832035525e+00	2.192466e+00	8.496141e+00
7.605443258883368e+00	1.927655e+00	8.496182e+00
7.615941685731212e+00	1.674372e+00	8.496116e+00
7.626440112579055e+00	1.432620e+00	8.495944e+00
7.636205737579055e+00	1.224502e+00	8.495958e+00
7.645971362579055e+00	1.030595e+00	8.495973e+00
7.655736987579055e+00	8.516275e-01	8.495985e+00
7.665502612579055e+00	6.882735e-01	8.495997e+00
7.675268237579055e+00	5.411479e-01	8.496008e+00
7.685033862579055e+00	4.108045e-01	8.496017e+00
7.694799487579055e+00	2.977337e-01	8.496025e+00
7.704565112579055e+00	2.023612e-01	8.496033e+00
7.714330737579055e+00	1.250459e-01	8.496038e+00
7.724096362579055e+00	6.607883e-02	8.496042e+00
7.733861987579055e+00	2.568193e-02	8.496045e+00
7.743627612579055e+00	4.007247e-03	8.496047e+00
7.753393237579055e+00	1.136349e-03	8.496047e+00
7.763158862579055e+00	1.708005e-02	8.496046e+00
7.772924487579055e+00	5.177833e-02	8.496043e+00
7.782690112579055e+00	1.051006e-01	8.496039e+00
7.792455737579055e+00	1.768462e-01	8.496035e+00
7.802221362579055e+00	2.667450e-01	8.496028e+00
7.811986987579055e+00	3.744587e-01	8.496020e+00
7.821752612579055e+00	4.995820e-01	8.496012e+00
7.831518237579055e+00	6.416438e-01	8.496001e+00
7.841283862579055e+00	8.001094e-01	8.495990e+00
7.851049487579055e+00	9.743825e-01	8.495977e+00
7.860815112579055e+00	1.163807e+00	8.495963e+00
7.870580737579055e+00	1.367670e+00	8.495949e+00
7.880346362579055e+00	1.585205e+00	8.495933e+00
7.890111987579055e+00	1.815592e+00	8.495916e+00
7.899877612579055e+00	2.057964e+00	8.495898e+00
7.919408862579055e+00	2.574974e+00	8.495861e+00
7.938940112579055e+00	3.128459e+00	8.495821e+00
7.968236987579055e+00	4.008747e+00	8.495757e+00
8.028051440704054e+00	5.876706e+00	8.494859e+00
8.030492846954054e+00	5.952111e+00	8.489450e+00
8.035623222362410e+00	6.109816e+00	8.460904e+00
8.035728219837331e+00	6.113032e+00	8.474969e+00
8.035833217312252e+00	6.116247e+00	8.481495e+00
8.035938214787173e+00	6.119462e+00	8.480481e+00
8.036043212262094e+00	6.122677e+00	8.471928e+00
8.036148209737014e+00	6.125891e+00	8.455836e+00
8.036253207211935e+00	6.129104e+00	8.432204e+00
8.036358204686856e+00	6.132318e+00	8.401033e+00
8.036358859173463e+00	6.132338e+00	8.405728e+00
8.036359513660068e+00	6.132358e+00	8.403657e+00
8.036360168146675e+00	6.132378e+00	8.394822e+00
8.036360822633283e+00	6.132398e+00	8.379221e+00
8.036361477119890e+00	6.132418e+00	8.356856e+00
8.036362131606495e+00	6.132438e+00	8.327725e+00
8.036362786093102e+00	6.132458e+00	8.291830e+00
8.036363304243750e+00	6.132473e+00	8.223022e+00
8.036363919821932e+00	6.132493e+00	8.090747e+00
8.036364472820107e+00	6.132509e+00	7.919390e+00
8.036365410086498e+00	6.132538e+00	7.510762e+00
8.036375919902426e+00	6.132860e+00	2.243174e+00
8.036378724107578e+00	6.132946e+00	8.759179e-01
8.036380530669758e+00	6.133001e+00	6.865834e-02
8.036380553921235e+00	6.133001e+00	6.276377e-02
8.036380600424192e+00	6.133003e+00	5.906379e-02
8.036380693430104e+00	6.133006e+00	5.306556e-02
8.036380879441928e+00	6.133011e+00	4.445559e-02
8.036381251465576e+00	6.133023e+00	3.376496e-02
8.036381995512871e+00	6.133046e+00	2.192009e-02
8.036382914089819e+00	6.133074e+00	1.421860e-02
8.036383968269947e+00	6.133106e+00	9.778560e-03
8.036385150146188e+00	6.133142e+00	7.251911e-03
8.036386581776055e+00	6.133186e+00	5.748851e-03
8.036388311593704e+00	6.133239e+00	4.925223e-03
8.036390521060518e+00	6.133307e+00	4.516185e-03
8.036393390760832e+00	6.133394e+00	4.351625e-03
8.036397469495398e+00	6.133519e+00	4.303176e-03
8.053472429195011e+00	6.661340e+00	4.299830e-03
8.070547388894624e+00	7.156939e+00	4.297259e-03
8.087622348594238e+00	7.620317e+00	4.295465e-03
8.104697308293851e+00	8.051474e+00	4.294447e-03
8.121772267993464e+00	8.450410e+00	4.294205e-03
8.138847227693077e+00	8.817125e+00	4.294740e-03
8.155922187392690e+00	9.151618e+00	4.296051e-03
8.185219062392690e+00	9.591502e+00	4.296051e-03
8.214515937392690e+00	9.876244e+00	4.296051e-03
8.243812812392690e+00	9.996222e+00	4.296051e-03
8.273109687392690e+00	9.947383e+00	4.296051e-03
8.302406562392690e+00	9.731377e+00	4.296051e-03
8.331703437392690e+00	9.355502e+00	4.296051e-03
8.361000312392690e+00	8.832458e+00	4.296051e-03
8.390297187392690e+00	8.179920e+00	4.296051e-03
8.419594062392690e+00	7.419936e+00	4.296051e-03
8.433544955249832e+00	7.019478e+00	4.296051e-03
8.447495848106977e+00	6.611515e+00	4.296050e-03
8.461446740964119e+00	6.196047e+00	4.296051e-03
8.475397633821261e+00	5.773074e+00	4.296051e-03
8.489348526678404e+00	5.342596e+00	4.296052e-03
8.503299419535548e+00	4.904613e+00	4.296054e-03
8.517250312392690e+00	4.459126e+00	4.296056e-03
8.527015937392690e+00	4.155339e+00	4.297725e-03
8.536781562392690e+00	3.854732e+00	4.779379e-03
8.546547187392690e+00	3.558435e+00	6.390078e-03
8.546926383333746e+00	3.547032e+00	6.703048e-03
8.547684775215858e+00	3.524251e+00	8.122277e-03
8.549201558980082e+00	3.478791e+00	1.367499e-02
8.551389580579123e+00	3.413456e+00	2.667907e-02
8.551531566174383e+00	3.409227e+00	2.808126e-02
8.551815537364901e+00	3.400772e+00	3.243283e-02
8.552383479745938e+00	3.383877e+00	4.338965e-02
8.552448031928858e+00	3.381958e+00	4.509610e-02
8.552577136294699e+00	3.378120e+00	4.981620e-02
8.552727526364501e+00	3.373652e+00	5.658777e-02
8.552748847484221e+00	3.373019e+00	5.783396e-02
8.552791489723660e+00	3.371752e+00	6.103149e-02
8.552842646667234e+00	3.370233e+00	6.569078e-02
8.552854759385324e+00	3.369873e+00	6.729423e-02
8.552876059831439e+00	3.369240e+00	7.071984e-02
8.552891477138216e+00	3.368782e+00	7.402602e-02
8.552901666094584e+00	3.368480e+00	7.715304e-02
8.552908486604331e+00	3.368277e+00	8.021668e-02
8.552913775537512e+00	3.368120e+00	8.356009e-02
8.552915031022794e+00	3.368083e+00	8.481510e-02
8.552917541993358e+00	3.368008e+00	8.802816e-02
8.552919845991454e+00	3.367940e+00	9.214676e-02
8.552921304817509e+00	3.367897e+00	9.600593e-02
8.552922415186760e+00	3.367864e+00	1.003285e-01
8.552923286619453e+00	3.367838e+00	1.052297e-01
8.552923979291949e+00	3.367817e+00	1.108749e-01
8.552924587353415e+00	3.367799e+00	1.182302e-01
8.552925179915324e+00	3.367781e+00	1.292951e-01
8.552925727687452e+00	3.367765e+00	1.458786e-01
8.552926241543089e+00	3.367750e+00	1.724669e-01
8.552926791422655e+00	3.367733e+00	2.208591e-01
8.552927313641073e+00	3.367718e+00	2.994761e-01
8.552927944784107e+00	3.367699e+00	4.504056e-01
8.552928485901395e+00	3.367683e+00	6.335124e-01
8.552928917943831e+00	3.367671e+00	8.174754e-01
8.552929416952773e+00	3.367656e+00	1.055499e+00
8.552929888518261e+00	3.367642e+00	1.290030e+00
8.552931169094297e+00	3.367604e+00	1.936485e+00
8.552939618757465e+00	3.367353e+00	6.208868e+00
8.552943464014851e+00	3.367239e+00	7.814241e+00
8.552946529683807e+00	3.367147e+00	8.463057e+00
8.552948066622839e+00	3.367102e+00	8.490968e+00
8.552956008057679e+00	3.366866e+00	8.493659e+00
8.552963949492520e+00	3.366630e+00	8.495683e+00
8.552971890927360e+00	3.366395e+00	8.497040e+00
8.552979832362201e+00	3.366159e+00	8.497731e+00
8.552987773797041e+00	3.365923e+00	8.497755e+00
8.552995715231882e+00	3.365687e+00	8.497113e+00
8.553003656666721e+00	3.365451e+00	8.495804e+00
8.563195914232058e+00	3.063672e+00	8.495826e+00
8.573388171797395e+00	2.772652e+00	8.495847e+00
8.583580429362732e+00	2.492392e+00	8.495867e+00
8.593772686928070e+00	2.222891e+00	8.495887e+00
8.603964944493406e+00	1.964150e+00	8.495906e+00
8.614157202058744e+00	1.716169e+00	8.495923e+00
8.624349459624080e+00	1.478947e+00	8.495940e+00
8.634115084624080e+00	1.267887e+00	8.495955e+00
8.643880709624080e+00	1.070874e+00	8.495970e+00
8.653646334624080e+00	8.886499e-01	8.495983e+00
8.663411959624080e+00	7.218996e-01	8.495995e+00
8.673177584624080e+00	5.712512e-01	8.496006e+00
8.682943209624080e+00	4.372714e-01	8.496016e+00
8.692708834624080e+00	3.204648e-01	8.496024e+00
8.702474459624080e+00	2.212709e-01	8.496031e+00
8.712240084624080e+00	1.400631e-01	8.496037e+00
8.722005709624080e+00	7.714693e-02	8.496042e+00
8.731771334624080e+00	3.275931e-02	8.496045e+00
8.741536959624080e+00	7.067246e-03	8.496046e+00
8.751302584624080e+00	1.674593e-04	8.496047e+00
8.761068209624080e+00	1.208591e-02	8.496046e+00
8.770833834624080e+00	4.277775e-02	8.496044e+00
8.780599459624080e+00	9.212745e-02	8.496040e+00
8.790365084624080e+00	1.599493e-01	8.496036e+00
8.800130709624080e+00	2.459880e-01	8.496029e+00
8.809896334624080e+00	3.499197e-01	8.496022e+00
8.819661959624080e+00	4.713532e-01	8.496014e+00
8.829427584624080e+00	6.098316e-01	8.496003e+00
8.839193209624080e+00	7.648336e-01	8.495993e+00
8.848958834624080e+00	9.357758e-01	8.495980e+00
8.858724459624080e+00	1.122015e+00	8.495966e+00
8.868490084624080e+00	1.322850e+00	8.495952e+00
8.878255709624080e+00	1.537524e+00	8.495936e+00
8.888021334624080e+00	1.765231e+00	8.495920e+00
8.897786959624080e+00	2.005113e+00	8.495903e+00
8.917318209624080e+00	2.517747e+00	8.495865e+00
8.936849459624080e+00	3.067717e+00	8.495826e+00
8.966146334624080e+00	3.944458e+00	8.495762e+00
9.014974459624080e+00	5.469743e+00	8.495630e+00
9.024740084624080e+00	5.774107e+00	8.491014e+00
9.034868761959602e+00	6.086692e+00	8.472972e+00
9.035081132870150e+00	6.093204e+00	8.480936e+00
9.035293503780698e+00	6.099713e+00	8.483198e+00
9.035505874691246e+00	6.106220e+00	8.479759e+00
9.035718245601794e+00	6.112726e+00	8.470617e+00
9.035930616512342e+00	6.119229e+00	8.455774e+00
9.036142987422890e+00	6.125731e+00	8.435229e+00
9.036355358333438e+00	6.132231e+00	8.408982e+00
9.036356311164797e+00	6.132260e+00	8.412363e+00
9.036357263996157e+00	6.132289e+00	8.411468e+00
9.036358216827516e+00	6.132318e+00	8.406296e+00
9.036359169658875e+00	6.132347e+00	8.396847e+00
9.036360122490233e+00	6.132377e+00	8.383122e+00
9.036361075321594e+00	6.132406e+00	8.365120e+00
9.036362028152952e+00	6.132435e+00	8.342842e+00
9.036363088357518e+00	6.132467e+00	8.247256e+00
9.036363644949926e+00	6.132484e+00	8.140189e+00
9.036364372060635e+00	6.132506e+00	7.930301e+00
9.036364771047742e+00	6.132519e+00	7.776617e+00
9.036365754924386e+00	6.132549e+00	7.312365e+00
9.036377789625844e+00	6.132917e+00	1.272736e+00
9.036380013878208e+00	6.132985e+00	3.235110e-01
9.036381329719600e+00	6.133025e+00	5.101444e-02
9.036382237897341e+00	6.133053e+00	1.842483e-02
9.036383176417365e+00	6.133082e+00	1.229565e-02
9.036384397208119e+00	6.133119e+00	8.421558e-03
9.036385579741321e+00	6.133155e+00	6.527941e-03
9.036387223881885e+00	6.133205e+00	5.302911e-03
9.036389030226379e+00	6.133261e+00	4.713484e-03
9.036391630405475e+00	6.133340e+00	4.418721e-03
9.036394787701337e+00	6.133437e+00	4.320472e-03
9.036429668935751e+00	6.134504e+00	4.305464e-03
9.036464550170166e+00	6.135572e+00	4.294295e-03
9.036499431404581e+00	6.136639e+00	4.286966e-03
9.036534312638993e+00	6.137706e+00	4.283477e-03
9.036569193873408e+00	6.138773e+00	4.283828e-03
9.036604075107823e+00	6.139840e+00	4.288019e-03
9.036638956342237e+00	6.140907e+00	4.296049e-03
9.054206045723747e+00	6.684133e+00	4.296050e-03
9.071773135105255e+00	7.192672e+00	4.296051e-03
9.089340224486765e+00	7.666522e+00	4.296051e-03
9.106907313868275e+00	8.105683e+00	4.296051e-03
9.124474403249785e+00	8.510157e+00	4.296051e-03
9.142041492631293e+00	8.879942e+00	4.296051e-03
9.159608582012803e+00	9.215038e+00	4.296051e-03
9.188905457012803e+00	9.636114e+00	4.296051e-03
9.218202332012803e+00	9.900540e+00	4.296051e-03
9.247499207012803e+00	9.999383e+00	4.296051e-03
9.276796082012803e+00	9.929300e+00	4.296051e-03
9.306092957012803e+00	9.692662e+00	4.296051e-03
9.335389832012803e+00	9.297463e+00	4.296051e-03
9.364686707012803e+00	8.757057e+00	4.296051e-03
9.393983582012803e+00	8.089704e+00	4.296051e-03
9.423280457012803e+00	7.317952e+00	4.296051e-03
9.437231349869945e+00	6.913038e+00	4.296044e-03
9.451182242727089e+00	6.501486e+00	4.296041e-03
9.465133135584232e+00	6.083295e+00	4.296043e-03
9.479084028441374e+00	5.658467e+00	4.296050e-03
9.493034921298516e+00	5.226999e+00	4.296060e-03
9.506985814155660e+00	4.788894e+00	4.296076e-03
9.520936707012803e+00	4.344150e+00	4.296096e-03
9.530702332012803e+00	4.041429e+00	4.310706e-03
9.540467957012803e+00	3.742316e+00	4.638948e-03
9.545255974374795e+00	3.597324e+00	5.319314e-03
9.545721560794711e+00	3.583291e+00	5.553207e-03
9.546652733634543e+00	3.555260e+00	6.620575e-03
9.548515079314207e+00	3.499349e+00	1.105835e-02
9.550575124870127e+00	3.437741e+00	2.380089e-02
9.552474831896889e+00	3.381161e+00	4.603443e-02
9.552500064556599e+00	3.380411e+00	4.664177e-02
9.552550529876017e+00	3.378911e+00	4.847249e-02
9.552651460514852e+00	3.375912e+00	5.287816e-02
9.552762412574323e+00	3.372616e+00	5.876995e-02
9.552777809535581e+00	3.372158e+00	5.980863e-02
9.552808603458095e+00	3.371244e+00	6.244227e-02
9.552854740057017e+00	3.369873e+00	6.719300e-02
9.552865144844379e+00	3.369564e+00	6.875090e-02
9.552881116236964e+00	3.369090e+00	7.163728e-02
9.552894218480851e+00	3.368701e+00	7.475453e-02
9.552903364678139e+00	3.368429e+00	7.784627e-02
9.552909986808242e+00	3.368232e+00	8.112268e-02
9.552914735860776e+00	3.368092e+00	8.445825e-02
9.552915868983298e+00	3.368058e+00	8.572049e-02
9.552918135228341e+00	3.367991e+00	8.894936e-02
9.552920272806039e+00	3.367927e+00	9.320738e-02
9.552921653603530e+00	3.367886e+00	9.728786e-02
9.552922701810600e+00	3.367855e+00	1.018658e-01
9.552923517358447e+00	3.367831e+00	1.070312e-01
9.552924165849230e+00	3.367811e+00	1.130440e-01
9.552924773804317e+00	3.367794e+00	1.215166e-01
9.552925351462067e+00	3.367776e+00	1.341444e-01
9.552925883287436e+00	3.367761e+00	1.532803e-01
9.552926393312543e+00	3.367745e+00	1.845961e-01
9.552926933177208e+00	3.367729e+00	2.407663e-01
9.552927473353199e+00	3.367713e+00	3.365372e-01
9.552928152161508e+00	3.367693e+00	5.207638e-01
9.552928605677227e+00	3.367680e+00	6.886565e-01
9.552929058798206e+00	3.367666e+00	8.917760e-01
9.552929546916905e+00	3.367652e+00	1.128881e+00
9.552930636685970e+00	3.367620e+00	1.676948e+00
9.552935905862382e+00	3.367463e+00	4.341352e+00
9.552941796768771e+00	3.367288e+00	7.130981e+00
9.552945247990166e+00	3.367186e+00	8.394282e+00
9.552945774145707e+00	3.367170e+00	8.473963e+00
9.552948931078955e+00	3.367076e+00	8.491326e+00
9.552959025737254e+00	3.366776e+00	8.494004e+00
9.552969120395550e+00	3.366477e+00	8.496002e+00
9.552979215053849e+00	3.366177e+00	8.497321e+00
9.552989309712146e+00	3.365877e+00	8.497960e+00
9.552999404370444e+00	3.365578e+00	8.497921e+00
9.553009499028741e+00	3.365278e+00	8.497202e+00
9.553019593687040e+00	3.364978e+00	8.495804e+00
9.563855420710812e+00	3.044035e+00	8.495827e+00
9.574691247734583e+00	2.735529e+00	8.495849e+00
9.585527074758355e+00	2.439459e+00	8.495871e+00
9.596362901782127e+00	2.155825e+00	8.495891e+00
9.607198728805900e+00	1.884628e+00	8.495911e+00
9.618034555829670e+00	1.625867e+00	8.495929e+00
9.628870382853442e+00	1.379542e+00	8.495947e+00
9.638636007853442e+00	1.174889e+00	8.495962e+00
9.648401632853442e+00	9.846337e-01	8.495975e+00
9.658167257853442e+00	8.094910e-01	8.495989e+00
9.667932882853442e+00	6.501206e-01	8.496000e+00
9.677698507853442e+00	5.071220e-01	8.496011e+00
9.687464132853442e+00	3.810337e-01	8.496019e+00
9.697229757853442e+00	2.723300e-01	8.496027e+00
9.706995382853442e+00	1.814203e-01	8.496034e+00
9.716761007853442e+00	1.086466e-01	8.496039e+00
9.726526632853442e+00	5.428291e-02	8.496043e+00
9.736292257853442e+00	1.853374e-02	8.496046e+00
9.746057882853442e+00	1.533687e-03	8.496047e+00
9.755823507853442e+00	3.346730e-03	8.496047e+00
9.765589132853442e+00	2.396605e-02	8.496045e+00
9.775354757853442e+00	6.331404e-02	8.496042e+00
9.785120382853442e+00	1.212426e-01	8.496038e+00
9.794886007853442e+00	1.975337e-01	8.496033e+00
9.804651632853442e+00	2.919002e-01	8.496026e+00
9.814417257853442e+00	4.039869e-01	8.496018e+00
9.824182882853442e+00	5.333720e-01	8.496009e+00
9.833948507853442e+00	6.795685e-01	8.495998e+00
9.843714132853442e+00	8.420261e-01	8.495987e+00
9.853479757853442e+00	1.020133e+00	8.495974e+00
9.863245382853442e+00	1.213220e+00	8.495960e+00
9.873011007853442e+00	1.420559e+00	8.495945e+00
9.882776632853442e+00	1.641370e+00	8.495929e+00
9.892542257853442e+00	1.874823e+00	8.495912e+00
9.902307882853442e+00	2.120038e+00	8.495893e+00
9.921839132853442e+00	2.642023e+00	8.495856e+00
9.941370382853442e+00	3.199474e+00	8.495815e+00
9.948345829282013e+00	3.406597e+00	8.495801e+00
9.955321275710585e+00	3.615766e+00	8.495786e+00
9.962296722139156e+00	3.826978e+00	8.495771e+00
9.969272168567729e+00	4.040235e+00	8.495755e+00
9.976247614996300e+00	4.255536e+00	8.495739e+00
9.983223061424871e+00	4.472882e+00	8.495723e+00
9.990198507853442e+00	4.692272e+00	8.495707e+00
9.999964132853442e+00	4.998873e+00	8.495686e+00
1.000000000000000e+01	5.000000e+00	8.495686e+00
